image_width: 640
image_height: 480
camera_name: camera
camera_matrix:
  rows: 3
  cols: 3
  data: [593.395871, 0.000000, 339.965883, 0.000000, 593.905579, 233.198404, 0.000000, 0.000000, 1.000000]
distortion_model: plumb_bob
distortion_coefficients:
  rows: 1
  cols: 5
  data: [0.041305, -0.063180, 0.000772, -0.003481, 0.000000]
rectification_matrix:
  rows: 3
  cols: 3
  data: [1.000000, 0.000000, 0.000000, 0.000000, 1.000000, 0.000000, 0.000000, 0.000000, 1.000000]
projection_matrix:
  rows: 3
  cols: 4
  data: [597.947571, 0.000000, 338.102191, 0.000000, 0.000000, 599.714661, 233.498776, 0.000000, 0.000000, 0.000000, 1.000000, 0.000000]
